V1v
1 231 29 67 255
V1d
2 255 0 0 255
V2v
3 255 55 0 255
V2d
4 255 110 0 255
V3v
5 255 165 0 255
V3d
6 187 132 137 255
hV4
7 145 232 175 255
VO1
8 92 152 132 255
VO2
9 146 80 115 255
PHC1
10 158 24 239 255
PHC2
11 54 157 231 255
MST
12 200 1 227 255
hMT
13 3 76 215 255
LO2
14 39 55 196 255
LO1
15 68 189 238 255
V3b
16 202 179 123 255
V3a
17 46 54 176 255
IPS0
18 153 8 19 255
IPS1
19 217 189 166 255
IPS2
20 156 112 107 255
IPS3
21 191 99 138 255
IPS4
22 239 15 47 255
IPS5
23 112 143 4 255
SPL1
24 147 92 68 255
FEF
25 147 225 67 255
